0.000000 0.001149 2668.965057
1.000000 0.001156 2670.661985
2.000000 0.001169 2671.781218
3.000000 0.001205 2672.544970
4.000000 0.001221 2673.127647
5.000000 0.001274 2673.600525
6.000000 0.001238 2673.982088
7.000000 0.001252 2674.280224
8.000000 0.001257 2674.524000
9.000000 0.001255 2674.736057
10.000000 0.001256 2674.920971
11.000000 0.001273 2675.073105
12.000000 0.001278 2675.203012
13.000000 0.001256 2675.325172
14.000000 0.001257 2675.428486
15.000000 0.001281 2675.517792
16.000000 0.001272 2675.610466
17.000000 0.001281 2675.693954
18.000000 0.001275 2675.763205
19.000000 0.001278 2675.835939
20.000000 0.001283 2675.898535
21.000000 0.001275 2675.961647
22.000000 0.001265 2676.018089
23.000000 0.001266 2676.064861
24.000000 0.001283 2676.110483
25.000000 0.001250 2676.164547
26.000000 0.001263 2676.207996
27.000000 0.001271 2676.252140
28.000000 0.001260 2676.286421
29.000000 0.001274 2676.329939
30.000000 0.001273 2676.371271
31.000000 0.001289 2676.411160
32.000000 0.001293 2676.445740
33.000000 0.001292 2676.483250
34.000000 0.001285 2676.515699
35.000000 0.001304 2676.544670
36.000000 0.001290 2676.576424
37.000000 0.001269 2676.609869
38.000000 0.001273 2676.647352
39.000000 0.001277 2676.673134
40.000000 0.001262 2676.704304
41.000000 0.001265 2676.737274
42.000000 0.001258 2676.771549
43.000000 0.001276 2676.799648
44.000000 0.001290 2676.831652
45.000000 0.001283 2676.872524
46.000000 0.001273 2676.917847
47.000000 0.001265 2676.955479
48.000000 0.001285 2676.997591
49.000000 0.001279 2677.050676
50.000000 0.001285 2677.091843
51.000000 0.001259 2677.137081
52.000000 0.001283 2677.085136
53.000000 0.001271 2677.044514
54.000000 0.001284 2676.996962
55.000000 0.001288 2676.958879
56.000000 0.001277 2676.926003
57.000000 0.001284 2676.901423
58.000000 0.001286 2676.873863
59.000000 0.001281 2676.852964
60.000000 0.001283 2676.827156
61.000000 0.001290 2676.815052
62.000000 0.001282 2676.791517
63.000000 0.001276 2676.777441
64.000000 0.001275 2676.760767
65.000000 0.001289 2676.747711
66.000000 0.001278 2676.736876
67.000000 0.001272 2676.723019
68.000000 0.001285 2676.707844
69.000000 0.001279 2676.696178
70.000000 0.001282 2676.684238
71.000000 0.001274 2676.676567
72.000000 0.001276 2676.668011
73.000000 0.001281 2676.657471
74.000000 0.001285 2676.648615
75.000000 0.001259 2676.642834
76.000000 0.001283 2676.627554
77.000000 0.001279 2676.623020
78.000000 0.001280 2676.614868
79.000000 0.001281 2676.606634
80.000000 0.001277 2676.595604
81.000000 0.001260 2676.597082
82.000000 0.001279 2676.582182
83.000000 0.001273 2676.577488
84.000000 0.001266 2676.568754
85.000000 0.001276 2676.564798
86.000000 0.001255 2676.562418
87.000000 0.001266 2676.553213
88.000000 0.001262 2676.553165
89.000000 0.001258 2676.550060
90.000000 0.001270 2676.534100
91.000000 0.001271 2676.524565
92.000000 0.001275 2676.528469
93.000000 0.001271 2676.526836
94.000000 0.001263 2676.520050
95.000000 0.001270 2676.518312
96.000000 0.001268 2676.509195
97.000000 0.001267 2676.502012
98.000000 0.001279 2676.500610
99.000000 0.001267 2676.493891
100.000000 0.001269 2676.491055
101.000000 0.001242 2676.491064
102.000000 0.001269 2676.490562
103.000000 0.001262 2676.477730
104.000000 0.001274 2676.472696
105.000000 0.001286 2676.470268
106.000000 0.001256 2676.473660
107.000000 0.001268 2676.468273
108.000000 0.001275 2676.459469
109.000000 0.001278 2676.456623
110.000000 0.001263 2676.452213
111.000000 0.001272 2676.456915
112.000000 0.001269 2676.445383
113.000000 0.001274 2676.446154
114.000000 0.001265 2676.442158
115.000000 0.001268 2676.444445
116.000000 0.001266 2676.438555
117.000000 0.001269 2676.435862
118.000000 0.001273 2676.431467
119.000000 0.001284 2676.428255
120.000000 0.001255 2676.426859
121.000000 0.001267 2676.422211
122.000000 0.001273 2676.420996
123.000000 0.001270 2676.417656
124.000000 0.001260 2676.420021
125.000000 0.001269 2676.403261
126.000000 0.001274 2676.404312
127.000000 0.001271 2676.406853
128.000000 0.001269 2676.406649
129.000000 0.001279 2676.405622
130.000000 0.001272 2676.405384
131.000000 0.001290 2676.392179
132.000000 0.001276 2676.396069
133.000000 0.001267 2676.398188
134.000000 0.001278 2676.394634
135.000000 0.001266 2676.395365
136.000000 0.001280 2676.392071
137.000000 0.001288 2676.388262
138.000000 0.001263 2676.385834
139.000000 0.001269 2676.384298
140.000000 0.001276 2676.386063
141.000000 0.001275 2676.383194
142.000000 0.001286 2676.382168
143.000000 0.001278 2676.375593
144.000000 0.001272 2676.382072
145.000000 0.001262 2676.378290
146.000000 0.001278 2676.373556
147.000000 0.001284 2676.373569
148.000000 0.001261 2676.377083
149.000000 0.001274 2676.370760
150.000000 0.001266 2676.372555
151.000000 0.001262 2676.368961
152.000000 0.001261 2676.374100
153.000000 0.001273 2676.364241
154.000000 0.001279 2676.365150
155.000000 0.001271 2676.368383
156.000000 0.001266 2676.364365
157.000000 0.001259 2676.368710
158.000000 0.001286 2676.364334
159.000000 0.001273 2676.363329
160.000000 0.001285 2676.359129
161.000000 0.001267 2676.363714
162.000000 0.001271 2676.359640
163.000000 0.001271 2676.356327
164.000000 0.001290 2676.351784
165.000000 0.001272 2676.359711
166.000000 0.001269 2676.360577
167.000000 0.001269 2676.352739
168.000000 0.001274 2676.357092
169.000000 0.001275 2676.350653
170.000000 0.001267 2676.354193
171.000000 0.001270 2676.354624
172.000000 0.001288 2676.345924
173.000000 0.001285 2676.348701
174.000000 0.001264 2676.350599
175.000000 0.001288 2676.345535
176.000000 0.001269 2676.352978
177.000000 0.001271 2676.351419
178.000000 0.001273 2676.353321
179.000000 0.001275 2676.346775
180.000000 0.001269 2676.348223
181.000000 0.001275 2676.344641
182.000000 0.001276 2676.341925
183.000000 0.001268 2676.346510
184.000000 0.001275 2676.346317
185.000000 0.001267 2676.340996
186.000000 0.001275 2676.343071
187.000000 0.001283 2676.338652
188.000000 0.001260 2676.349215
189.000000 0.001265 2676.347834
190.000000 0.001277 2676.342760
191.000000 0.001279 2676.344658
192.000000 0.001276 2676.343767
193.000000 0.001272 2676.343981
194.000000 0.001269 2676.340420
195.000000 0.001267 2676.341702
196.000000 0.001261 2676.347351
197.000000 0.001261 2676.342920
198.000000 0.001266 2676.345865
199.000000 0.001266 2676.343596
200.000000 0.001278 2676.337984
201.000000 0.001282 2676.341398
202.000000 0.001280 2676.346626
203.000000 0.001255 2676.344025
204.000000 0.001275 2676.340466
205.000000 0.001272 2676.340649
206.000000 0.001271 2676.339420
207.000000 0.001266 2676.339275
208.000000 0.001280 2676.334883
209.000000 0.001274 2676.338770
210.000000 0.001264 2676.342150
211.000000 0.001273 2676.337450
212.000000 0.001271 2676.337627
213.000000 0.001278 2676.344418
214.000000 0.001273 2676.341627
215.000000 0.001281 2676.334440
216.000000 0.001263 2676.341938
217.000000 0.001274 2676.343538
218.000000 0.001273 2676.339878
219.000000 0.001272 2676.340282
220.000000 0.001279 2676.344017
221.000000 0.001275 2676.340832
222.000000 0.001278 2676.340815
223.000000 0.001263 2676.339895
224.000000 0.001270 2676.341364
225.000000 0.001278 2676.345003
226.000000 0.001267 2676.336542
227.000000 0.001279 2676.344683
228.000000 0.001276 2676.340191
229.000000 0.001279 2676.334358
230.000000 0.001277 2676.341570
231.000000 0.001287 2676.338631
232.000000 0.001294 2676.338600
233.000000 0.001271 2676.341810
234.000000 0.001270 2676.341702
235.000000 0.001279 2676.339415
236.000000 0.001273 2676.340820
237.000000 0.001265 2676.342878
238.000000 0.001288 2676.336021
239.000000 0.001279 2676.342190
240.000000 0.001280 2676.342001
241.000000 0.001282 2676.341675
242.000000 0.001298 2676.335953
243.000000 0.001289 2676.335478
244.000000 0.001284 2676.344292
245.000000 0.001276 2676.340818
246.000000 0.001278 2676.343397
247.000000 0.001281 2676.344086
248.000000 0.001275 2676.343578
249.000000 0.001273 2676.341654
250.000000 0.001279 2676.342026
251.000000 0.001267 2676.344318
252.000000 0.001269 2676.343319
253.000000 0.001277 2676.345520
254.000000 0.001270 2676.343262
255.000000 0.001264 2676.346163
256.000000 0.001266 2676.350479
257.000000 0.001271 2676.343248
258.000000 0.001272 2676.343851
259.000000 0.001280 2676.346176
260.000000 0.001280 2676.344442
261.000000 0.001271 2676.346363
262.000000 0.001285 2676.349777
263.000000 0.001276 2676.353893
264.000000 0.001272 2676.348707
265.000000 0.001281 2676.343397
266.000000 0.001267 2676.347698
267.000000 0.001288 2676.347271
268.000000 0.001254 2676.349854
269.000000 0.001268 2676.348284
270.000000 0.001277 2676.344509
271.000000 0.001278 2676.350374
272.000000 0.001267 2676.351484
273.000000 0.001262 2676.350254
274.000000 0.001273 2676.348591
275.000000 0.001274 2676.357615
276.000000 0.001282 2676.353584
277.000000 0.001265 2676.356331
278.000000 0.001275 2676.352491
279.000000 0.001270 2676.351643
280.000000 0.001286 2676.352875
281.000000 0.001257 2676.362669
282.000000 0.001255 2676.354776
283.000000 0.001269 2676.352934
284.000000 0.001274 2676.350275
285.000000 0.001282 2676.348194
286.000000 0.001276 2676.357874
287.000000 0.001277 2676.351835
288.000000 0.001269 2676.354927
289.000000 0.001287 2676.357506
290.000000 0.001276 2676.354675
291.000000 0.001271 2676.357277
292.000000 0.001271 2676.361320
293.000000 0.001282 2676.354639
294.000000 0.001268 2676.360073
295.000000 0.001270 2676.358906
296.000000 0.001270 2676.365202
297.000000 0.001277 2676.357815
298.000000 0.001274 2676.361176
299.000000 0.001282 2676.362606
300.000000 0.001281 2676.361418
301.000000 0.001278 2676.364695
302.000000 0.001274 2676.361395
303.000000 0.001286 2676.363058
304.000000 0.001283 2676.360510
305.000000 0.001281 2676.364981
306.000000 0.001263 2676.368946
307.000000 0.001279 2676.362158
308.000000 0.001280 2676.363018
309.000000 0.001277 2676.368832
310.000000 0.001267 2676.367979
311.000000 0.001270 2676.369579
312.000000 0.001285 2676.356770
313.000000 0.001265 2676.365499
314.000000 0.001273 2676.366434
315.000000 0.001273 2676.371218
316.000000 0.001288 2676.359236
317.000000 0.001285 2676.360640
318.000000 0.001287 2676.370922
319.000000 0.001266 2676.370832
320.000000 0.001265 2676.372200
321.000000 0.001277 2676.365030
322.000000 0.001280 2676.363695
323.000000 0.001268 2676.370157
324.000000 0.001277 2676.367231
325.000000 0.001259 2676.368193
326.000000 0.001251 2676.374937
327.000000 0.001280 2676.368948
328.000000 0.001279 2676.367147
329.000000 0.001277 2676.371445
330.000000 0.001273 2676.370358
331.000000 0.001283 2676.366743
332.000000 0.001283 2676.366098
333.000000 0.001282 2676.366072
334.000000 0.001259 2676.376892
335.000000 0.001272 2676.369835
336.000000 0.001296 2676.364832
337.000000 0.001274 2676.370481
338.000000 0.001277 2676.370003
339.000000 0.001273 2676.370005
340.000000 0.001270 2676.365612
341.000000 0.001270 2676.368263
342.000000 0.001276 2676.369684
343.000000 0.001263 2676.372593
344.000000 0.001271 2676.371914
345.000000 0.001286 2676.367506
346.000000 0.001278 2676.370672
347.000000 0.001257 2676.370543
348.000000 0.001270 2676.369720
349.000000 0.001264 2676.375483
350.000000 0.001275 2676.366026
351.000000 0.001282 2676.368517
352.000000 0.001251 2676.375984
353.000000 0.001273 2676.367876
354.000000 0.001283 2676.377752
355.000000 0.001289 2676.367085
356.000000 0.001275 2676.365988
357.000000 0.001268 2676.369171
358.000000 0.001269 2676.369658
359.000000 0.001273 2676.372784
360.000000 0.001287 2676.365461
361.000000 0.001294 2676.371155
362.000000 0.001271 2676.371002
363.000000 0.001264 2676.369707
364.000000 0.001265 2676.374844
365.000000 0.001276 2676.375845
366.000000 0.001279 2676.363115
367.000000 0.001266 2676.376749
368.000000 0.001268 2676.375952
369.000000 0.001259 2676.375616
370.000000 0.001279 2676.373121
371.000000 0.001279 2676.370502
372.000000 0.001274 2676.373960
373.000000 0.001285 2676.373089
374.000000 0.001271 2676.371384
375.000000 0.001275 2676.370951
376.000000 0.001268 2676.373003
377.000000 0.001270 2676.376020
378.000000 0.001276 2676.375992
379.000000 0.001274 2676.374870
380.000000 0.001280 2676.378023
381.000000 0.001260 2676.374134
382.000000 0.001272 2676.377613
383.000000 0.001271 2676.372026
384.000000 0.001287 2676.374796
385.000000 0.001268 2676.373014
386.000000 0.001284 2676.374168
387.000000 0.001268 2676.379843
388.000000 0.001258 2676.375336
389.000000 0.001271 2676.373899
390.000000 0.001284 2676.375418
391.000000 0.001281 2676.368921
392.000000 0.001284 2676.373802
393.000000 0.001271 2676.379551
394.000000 0.001259 2676.375360
395.000000 0.001267 2676.378651
396.000000 0.001283 2676.373188
397.000000 0.001276 2676.373301
398.000000 0.001250 2676.380642
399.000000 0.001269 2676.374287
400.000000 0.001276 2676.373404
401.000000 0.001279 2676.376276
402.000000 0.001268 2676.374685
403.000000 0.001282 2676.374533
404.000000 0.001276 2676.378784
405.000000 0.001268 2676.376572
406.000000 0.001281 2676.373117
407.000000 0.001276 2676.378126
408.000000 0.001282 2676.373857
409.000000 0.001280 2676.372171
410.000000 0.001275 2676.376390
411.000000 0.001291 2676.372557
412.000000 0.001273 2676.373709
413.000000 0.001274 2676.374105
414.000000 0.001274 2676.376495
415.000000 0.001273 2676.374647
416.000000 0.001289 2676.374699
417.000000 0.001273 2676.371635
418.000000 0.001269 2676.374729
419.000000 0.001285 2676.373369
420.000000 0.001281 2676.368931
421.000000 0.001269 2676.373884
422.000000 0.001266 2676.378387
423.000000 0.001270 2676.374630
424.000000 0.001274 2676.374756
425.000000 0.001279 2676.369925
426.000000 0.001280 2676.371964
427.000000 0.001271 2676.382566
428.000000 0.001280 2676.376120
429.000000 0.001263 2676.382401
430.000000 0.001278 2676.373991
431.000000 0.001278 2676.375998
432.000000 0.001270 2676.377478
433.000000 0.001260 2676.372061
434.000000 0.001275 2676.378296
435.000000 0.001289 2676.376760
436.000000 0.001275 2676.375446
437.000000 0.001279 2676.374258
438.000000 0.001270 2676.376389
439.000000 0.001257 2676.378998
440.000000 0.001271 2676.376675
441.000000 0.001271 2676.371119
442.000000 0.001266 2676.376690
443.000000 0.001277 2676.373171
444.000000 0.001288 2676.375055
445.000000 0.001278 2676.371948
446.000000 0.001273 2676.375509
447.000000 0.001294 2676.371204
448.000000 0.001284 2676.374144
449.000000 0.001276 2676.371763
450.000000 0.001276 2676.369095
451.000000 0.001261 2676.382277
452.000000 0.001274 2676.374666
453.000000 0.001273 2676.371559
454.000000 0.001281 2676.375040
455.000000 0.001256 2676.376883
456.000000 0.001274 2676.372551
457.000000 0.001276 2676.370462
458.000000 0.001289 2676.367125
459.000000 0.001280 2676.366652
460.000000 0.001274 2676.370050
461.000000 0.001271 2676.362793
462.000000 0.001278 2676.370003
463.000000 0.001278 2676.368231
464.000000 0.001262 2676.369184
465.000000 0.001279 2676.363155
466.000000 0.001276 2676.367615
467.000000 0.001270 2676.367592
468.000000 0.001280 2676.367928
469.000000 0.001275 2676.368002
470.000000 0.001259 2676.371367
471.000000 0.001282 2676.362598
472.000000 0.001273 2676.374025
473.000000 0.001281 2676.368048
474.000000 0.001268 2676.363388
475.000000 0.001285 2676.361773
476.000000 0.001279 2676.363388
477.000000 0.001278 2676.362219
478.000000 0.001289 2676.362671
479.000000 0.001285 2676.360559
480.000000 0.001263 2676.367342
481.000000 0.001280 2676.363255
482.000000 0.001269 2676.365965
483.000000 0.001268 2676.361204
484.000000 0.001285 2676.357853
485.000000 0.001285 2676.357483
486.000000 0.001271 2676.355396
487.000000 0.001267 2676.365925
488.000000 0.001277 2676.357306
489.000000 0.001284 2676.359646
490.000000 0.001282 2676.354357
491.000000 0.001290 2676.355022
492.000000 0.001280 2676.357674
493.000000 0.001288 2676.353891
494.000000 0.001278 2676.356421
495.000000 0.001285 2676.352863
496.000000 0.001264 2676.354103
497.000000 0.001281 2676.356926
498.000000 0.001286 2676.354000
499.000000 0.001279 2676.352108
500.000000 0.001292 2676.351395
501.000000 0.001282 2676.354696
502.000000 0.001271 2676.356264
503.000000 0.001280 2676.353909
504.000000 0.001281 2676.354263
505.000000 0.001274 2676.356960
506.000000 0.001269 2676.350201
507.000000 0.001260 2676.355251
508.000000 0.001261 2676.351669
509.000000 0.001292 2676.350180
510.000000 0.001269 2676.353315
511.000000 0.001269 2676.349131
512.000000 0.001262 2676.352804
513.000000 0.001289 2676.342720
514.000000 0.001268 2676.353090
515.000000 0.001293 2676.349426
516.000000 0.001270 2676.349365
517.000000 0.001279 2676.344004
518.000000 0.001277 2676.345943
519.000000 0.001286 2676.347195
520.000000 0.001275 2676.350010
521.000000 0.001267 2676.346418
522.000000 0.001267 2676.347944
523.000000 0.001272 2676.347092
524.000000 0.001289 2676.339535
525.000000 0.001277 2676.350046
526.000000 0.001286 2676.341467
527.000000 0.001283 2676.340801
528.000000 0.001275 2676.345488
529.000000 0.001278 2676.346918
530.000000 0.001275 2676.339481
531.000000 0.001265 2676.342337
532.000000 0.001270 2676.337708
533.000000 0.001286 2676.338970
534.000000 0.001284 2676.346846
535.000000 0.001273 2676.341408
536.000000 0.001272 2676.337992
537.000000 0.001282 2676.343725
538.000000 0.001276 2676.343252
539.000000 0.001280 2676.341148
540.000000 0.001279 2676.342993
541.000000 0.001278 2676.339376
542.000000 0.001276 2676.339739
543.000000 0.001290 2676.337952
544.000000 0.001261 2676.344385
545.000000 0.001285 2676.339331
546.000000 0.001277 2676.340034
547.000000 0.001278 2676.339468
548.000000 0.001298 2676.339750
549.000000 0.001271 2676.337851
550.000000 0.001290 2676.336721
551.000000 0.001272 2676.344877
552.000000 0.001288 2676.340954
553.000000 0.001283 2676.344076
554.000000 0.001269 2676.336452
555.000000 0.001285 2676.332371
556.000000 0.001276 2676.341978
557.000000 0.001281 2676.342760
558.000000 0.001285 2676.338520
559.000000 0.001275 2676.338230
560.000000 0.001261 2676.343740
561.000000 0.001301 2676.331757
562.000000 0.001281 2676.334908
563.000000 0.001276 2676.344240
564.000000 0.001276 2676.339115
565.000000 0.001281 2676.336159
566.000000 0.001273 2676.339127
567.000000 0.001280 2676.344103
568.000000 0.001279 2676.342041
569.000000 0.001274 2676.341000
570.000000 0.001282 2676.334553
571.000000 0.001277 2676.345036
572.000000 0.001279 2676.333054
573.000000 0.001263 2676.339478
574.000000 0.001276 2676.336924
575.000000 0.001280 2676.340424
576.000000 0.001278 2676.344179
577.000000 0.001294 2676.336733
578.000000 0.001286 2676.346619
579.000000 0.001276 2676.337717
580.000000 0.001280 2676.344093
581.000000 0.001274 2676.340384
582.000000 0.001285 2676.341194
583.000000 0.001275 2676.345140
584.000000 0.001270 2676.343336
585.000000 0.001286 2676.338596
586.000000 0.001275 2676.344782
587.000000 0.001271 2676.344727
588.000000 0.001264 2676.344545
589.000000 0.001287 2676.339716
590.000000 0.001274 2676.340239
591.000000 0.001269 2676.338602
592.000000 0.001274 2676.341181
593.000000 0.001271 2676.347363
594.000000 0.001287 2676.344067
595.000000 0.001288 2676.341211
596.000000 0.001268 2676.345331
597.000000 0.001269 2676.343031
598.000000 0.001273 2676.345564
599.000000 0.001276 2676.346706
600.000000 0.001274 2676.346487
601.000000 0.001271 2676.349289
602.000000 0.001284 2676.348257
603.000000 0.001282 2676.346645
604.000000 0.001263 2676.346590
605.000000 0.001271 2676.349245
606.000000 0.001268 2676.345264
607.000000 0.001284 2676.350965
608.000000 0.001286 2676.347401
609.000000 0.001284 2676.350100
610.000000 0.001286 2676.345987
611.000000 0.001289 2676.350042
612.000000 0.001257 2676.352306
613.000000 0.001271 2676.350166
614.000000 0.001274 2676.350677
615.000000 0.001267 2676.354410
616.000000 0.001266 2676.350069
617.000000 0.001287 2676.350368
618.000000 0.001269 2676.355350
619.000000 0.001274 2676.359259
620.000000 0.001272 2676.357023
621.000000 0.001268 2676.360905
622.000000 0.001280 2676.359150
623.000000 0.001269 2676.361755
624.000000 0.001279 2676.366196
625.000000 0.001265 2676.358919
626.000000 0.001283 2676.360748
627.000000 0.001287 2676.363590
628.000000 0.001267 2676.365637
629.000000 0.001273 2676.369921
630.000000 0.001274 2676.366785
631.000000 0.001270 2676.364162
632.000000 0.001264 2676.369270
633.000000 0.001276 2676.367508
634.000000 0.001272 2676.375650
635.000000 0.001282 2676.368057
636.000000 0.001263 2676.374746
637.000000 0.001275 2676.372303
638.000000 0.001266 2676.380596
639.000000 0.001278 2676.377022
640.000000 0.001287 2676.378422
641.000000 0.001268 2676.379681
642.000000 0.001273 2676.380474
643.000000 0.001275 2676.380234
644.000000 0.001276 2676.381308
645.000000 0.001261 2676.385782
646.000000 0.001272 2676.390749
647.000000 0.001278 2676.383537
648.000000 0.001272 2676.390478
649.000000 0.001286 2676.391636
650.000000 0.001275 2676.396057
651.000000 0.001260 2676.398252
652.000000 0.001277 2676.394945
653.000000 0.001264 2676.398232
654.000000 0.001272 2676.401445
655.000000 0.001270 2676.408342
656.000000 0.001261 2676.407318
657.000000 0.001286 2676.398977
658.000000 0.001265 2676.408075
659.000000 0.001277 2676.405550
660.000000 0.001270 2676.421864
661.000000 0.001271 2676.417910
662.000000 0.001273 2676.418226
663.000000 0.001269 2676.422903
664.000000 0.001276 2676.426657
665.000000 0.001268 2676.426096
666.000000 0.001266 2676.432060
667.000000 0.001281 2676.430296
668.000000 0.001252 2676.439350
669.000000 0.001267 2676.438372
670.000000 0.001278 2676.437391
671.000000 0.001280 2676.444935
672.000000 0.001280 2676.442205
673.000000 0.001283 2676.448166
674.000000 0.001274 2676.454464
675.000000 0.001285 2676.455105
676.000000 0.001287 2676.453514
677.000000 0.001278 2676.463900
678.000000 0.001273 2676.464109
679.000000 0.001284 2676.467583
680.000000 0.001284 2676.471363
681.000000 0.001268 2676.478186
682.000000 0.001282 2676.474802
683.000000 0.001278 2676.484818
684.000000 0.001275 2676.489714
685.000000 0.001258 2676.497622
686.000000 0.001262 2676.497700
687.000000 0.001273 2676.503843
688.000000 0.001280 2676.504822
689.000000 0.001255 2676.514320
690.000000 0.001296 2676.512640
691.000000 0.001270 2676.521700
692.000000 0.001272 2676.534189
693.000000 0.001271 2676.536360
694.000000 0.001276 2676.534403
695.000000 0.001280 2676.533302
696.000000 0.001276 2676.543045
697.000000 0.001279 2676.554375
698.000000 0.001268 2676.563122
699.000000 0.001280 2676.568220
700.000000 0.001278 2676.568613
701.000000 0.001281 2676.573902
702.000000 0.001278 2676.581097
703.000000 0.001274 2676.591915
704.000000 0.001282 2676.598986
705.000000 0.001272 2676.607830
706.000000 0.001281 2676.610228
707.000000 0.001285 2676.621300
708.000000 0.001272 2676.633339
709.000000 0.001268 2676.641270
710.000000 0.001282 2676.651039
711.000000 0.001295 2676.654188
712.000000 0.001283 2676.665499
713.000000 0.001269 2676.681442
714.000000 0.001291 2676.683981
715.000000 0.001281 2676.704996
716.000000 0.001264 2676.714027
717.000000 0.001269 2676.724663
718.000000 0.001261 2676.746609
719.000000 0.001264 2676.756414
720.000000 0.001266 2676.765446
721.000000 0.001268 2676.783167
722.000000 0.001271 2676.798466
723.000000 0.001282 2676.809072
724.000000 0.001276 2676.825346
725.000000 0.001270 2676.846212
726.000000 0.001251 2676.879482
727.000000 0.001250 2676.905127
728.000000 0.001264 2676.924757
729.000000 0.001271 2676.948645
730.000000 0.001272 2676.994488
731.000000 0.001253 2677.038893
732.000000 0.001265 2677.073942
733.000000 0.001264 2677.144873
734.000000 0.001262 2677.097101
735.000000 0.001263 2677.046236
736.000000 0.001257 2676.995367
737.000000 0.001281 2676.940687
738.000000 0.001291 2676.900833
739.000000 0.001280 2676.868307
740.000000 0.001294 2676.828203
741.000000 0.001271 2676.794966
742.000000 0.001296 2676.763206
743.000000 0.001266 2676.738424
744.000000 0.001270 2676.698338
745.000000 0.001267 2676.671440
746.000000 0.001272 2676.645227
747.000000 0.001250 2676.613438
748.000000 0.001245 2676.588913
749.000000 0.001268 2676.547796
750.000000 0.001270 2676.510616
751.000000 0.001275 2676.479973
752.000000 0.001274 2676.442619
753.000000 0.001269 2676.407270
754.000000 0.001271 2676.364561
755.000000 0.001268 2676.330652
756.000000 0.001283 2676.287384
757.000000 0.001267 2676.259661
758.000000 0.001272 2676.207676
759.000000 0.001274 2676.162954
760.000000 0.001288 2676.108553
761.000000 0.001282 2676.063723
762.000000 0.001286 2676.012196
763.000000 0.001293 2675.956680
764.000000 0.001275 2675.903309
765.000000 0.001300 2675.838081
766.000000 0.001295 2675.765026
767.000000 0.001290 2675.692942
768.000000 0.001287 2675.612617
769.000000 0.001308 2675.520409
770.000000 0.001309 2675.425093
771.000000 0.001319 2675.313473
772.000000 0.001310 2675.203964
773.000000 0.001298 2675.064236
774.000000 0.001297 2674.910480
775.000000 0.001300 2674.732229
776.000000 0.001314 2674.519119
777.000000 0.001295 2674.272951
778.000000 0.001290 2673.966246
779.000000 0.001280 2673.586727
780.000000 0.001232 2673.119703
781.000000 0.001267 2672.540592
782.000000 0.001243 2671.749046
783.000000 0.001200 2670.661579
784.000000 0.001164 2668.949423
