0.000000 0.002675 32402.594408
1.000000 0.002795 32407.047106
2.000000 0.002575 32410.263193
3.000000 0.002643 32412.753784
4.000000 0.002613 32414.778454
5.000000 0.002574 32416.533398
6.000000 0.002559 32418.033859
7.000000 0.002549 32419.353804
8.000000 0.002522 32420.494398
9.000000 0.002453 32421.518496
10.000000 0.002459 32422.449707
11.000000 0.002450 32423.285006
12.000000 0.002464 32424.035368
13.000000 0.002457 32424.711008
14.000000 0.002480 32425.308327
15.000000 0.002483 32425.851212
16.000000 0.002497 32426.344231
17.000000 0.002540 32426.787861
18.000000 0.002524 32427.193735
19.000000 0.002543 32427.556583
20.000000 0.002533 32427.894382
21.000000 0.002530 32428.199797
22.000000 0.002526 32428.484112
23.000000 0.002500 32428.741877
24.000000 0.002537 32428.980350
25.000000 0.002540 32429.198513
26.000000 0.002538 32429.404377
27.000000 0.002499 32429.597404
28.000000 0.002504 32429.772409
29.000000 0.002531 32429.941465
30.000000 0.002518 32430.096075
31.000000 0.002502 32430.242208
32.000000 0.002514 32430.380787
33.000000 0.002524 32430.514145
34.000000 0.002524 32430.636141
35.000000 0.002533 32430.752563
36.000000 0.002540 32430.861399
37.000000 0.002547 32430.966166
38.000000 0.002537 32431.065083
39.000000 0.002539 32431.154665
40.000000 0.002538 32431.247145
41.000000 0.002548 32431.332958
42.000000 0.002554 32431.415266
43.000000 0.002528 32431.499210
44.000000 0.002542 32431.573694
45.000000 0.002544 32431.645212
46.000000 0.002544 32431.716370
47.000000 0.002533 32431.783415
48.000000 0.002535 32431.850986
49.000000 0.002541 32431.913578
50.000000 0.002543 32431.974642
51.000000 0.002558 32432.032709
52.000000 0.002544 32432.088749
53.000000 0.002556 32432.142620
54.000000 0.002553 32432.199234
55.000000 0.002563 32432.248446
56.000000 0.002543 32432.299622
57.000000 0.002577 32432.344160
58.000000 0.002555 32432.397076
59.000000 0.002551 32432.439783
60.000000 0.002553 32432.485588
61.000000 0.002551 32432.525723
62.000000 0.002555 32432.567589
63.000000 0.002551 32432.606699
64.000000 0.002542 32432.647310
65.000000 0.002571 32432.683456
66.000000 0.002552 32432.722961
67.000000 0.002553 32432.757921
68.000000 0.002554 32432.789959
69.000000 0.002552 32432.827646
70.000000 0.002543 32432.867626
71.000000 0.002553 32432.895430
72.000000 0.002539 32432.927567
73.000000 0.002534 32432.958662
74.000000 0.002523 32432.987650
75.000000 0.002535 32433.014233
76.000000 0.002527 32433.044449
77.000000 0.002542 32433.074041
78.000000 0.002530 32433.102482
79.000000 0.002530 32433.130455
80.000000 0.002553 32433.153290
81.000000 0.002530 32433.182577
82.000000 0.002527 32433.209757
83.000000 0.002543 32433.230293
84.000000 0.002543 32433.258427
85.000000 0.002540 32433.283226
86.000000 0.002539 32433.305140
87.000000 0.002549 32433.327108
88.000000 0.002526 32433.352823
89.000000 0.002548 32433.372351
90.000000 0.002538 32433.393633
91.000000 0.002535 32433.413811
92.000000 0.002528 32433.435137
93.000000 0.002541 32433.455297
94.000000 0.002544 32433.477736
95.000000 0.002551 32433.493687
96.000000 0.002531 32433.515257
97.000000 0.002546 32433.537666
98.000000 0.002538 32433.554907
99.000000 0.002540 32433.571817
100.000000 0.002553 32433.590033
101.000000 0.002552 32433.610607
102.000000 0.002555 32433.628086
103.000000 0.002550 32433.643660
104.000000 0.002551 32433.663609
105.000000 0.002542 32433.684153
106.000000 0.002554 32433.702459
107.000000 0.002568 32433.722641
108.000000 0.002555 32433.736778
109.000000 0.002543 32433.753365
110.000000 0.002549 32433.774416
111.000000 0.002561 32433.790682
112.000000 0.002551 32433.812840
113.000000 0.002544 32433.831511
114.000000 0.002547 32433.847641
115.000000 0.002542 32433.865725
116.000000 0.002527 32433.887581
117.000000 0.002560 32433.905336
118.000000 0.002530 32433.926271
119.000000 0.002539 32433.946068
120.000000 0.002542 32433.963274
121.000000 0.002539 32433.986832
122.000000 0.002545 32434.009758
123.000000 0.002545 32434.035471
124.000000 0.002539 32434.058249
125.000000 0.002560 32434.081402
126.000000 0.002546 32434.109449
127.000000 0.002553 32434.140339
128.000000 0.002547 32434.169479
129.000000 0.002554 32434.203930
130.000000 0.002540 32434.241518
131.000000 0.002544 32434.290537
132.000000 0.002539 32434.344585
133.000000 0.002528 32434.426622
134.000000 0.002542 32434.577864
135.000000 0.002538 32434.917774
136.000000 0.002545 32435.172943
137.000000 0.002525 32435.230146
138.000000 0.002520 32435.235931
139.000000 0.002541 32435.214191
140.000000 0.002556 32435.181509
141.000000 0.002541 32435.146463
142.000000 0.002543 32435.108210
143.000000 0.002536 32435.070461
144.000000 0.002534 32435.034779
145.000000 0.002542 32434.999895
146.000000 0.002538 32434.967234
147.000000 0.002544 32434.935843
148.000000 0.002539 32434.910152
149.000000 0.002555 32434.882792
150.000000 0.002544 32434.856604
151.000000 0.002520 32434.836401
152.000000 0.002547 32434.811304
153.000000 0.002542 32434.787846
154.000000 0.002552 32434.763390
155.000000 0.002538 32434.742640
156.000000 0.002533 32434.719748
157.000000 0.002537 32434.708157
158.000000 0.002531 32434.684635
159.000000 0.002548 32434.664486
160.000000 0.002544 32434.649145
161.000000 0.002546 32434.632303
162.000000 0.002549 32434.617413
163.000000 0.002538 32434.601767
164.000000 0.002552 32434.584063
165.000000 0.002541 32434.567139
166.000000 0.002540 32434.556915
167.000000 0.002542 32434.542244
168.000000 0.002540 32434.527149
169.000000 0.002555 32434.516495
170.000000 0.002532 32434.504974
171.000000 0.002549 32434.492977
172.000000 0.002553 32434.479113
173.000000 0.002545 32434.474274
174.000000 0.002555 32434.461239
175.000000 0.002557 32434.453548
176.000000 0.002557 32434.442501
177.000000 0.002545 32434.434435
178.000000 0.002556 32434.426132
179.000000 0.002553 32434.415152
180.000000 0.002561 32434.408691
181.000000 0.002555 32434.403114
182.000000 0.002551 32434.399599
183.000000 0.002550 32434.388952
184.000000 0.002548 32434.387852
185.000000 0.002548 32434.380575
186.000000 0.002536 32434.378042
187.000000 0.002538 32434.371141
188.000000 0.002534 32434.367672
189.000000 0.002534 32434.363230
190.000000 0.002547 32434.361328
191.000000 0.002544 32434.359798
192.000000 0.002541 32434.359049
193.000000 0.002537 32434.353193
194.000000 0.002560 32434.355349
195.000000 0.002554 32434.352407
196.000000 0.002534 32434.351830
197.000000 0.002545 32434.351013
198.000000 0.002538 32434.352654
199.000000 0.002535 32434.356228
200.000000 0.002542 32434.355991
201.000000 0.002549 32434.360912
202.000000 0.002549 32434.360090
203.000000 0.002526 32434.365036
204.000000 0.002528 32434.369751
205.000000 0.002536 32434.372055
206.000000 0.002549 32434.374786
207.000000 0.002539 32434.380894
208.000000 0.002531 32434.390015
209.000000 0.002544 32434.389217
210.000000 0.002542 32434.399397
211.000000 0.002543 32434.403046
212.000000 0.002547 32434.413906
213.000000 0.002541 32434.418934
214.000000 0.002545 32434.427605
215.000000 0.002552 32434.434324
216.000000 0.002544 32434.445343
217.000000 0.002547 32434.452530
218.000000 0.002543 32434.465162
219.000000 0.002537 32434.473837
220.000000 0.002542 32434.485798
221.000000 0.002549 32434.493610
222.000000 0.002548 32434.510647
223.000000 0.002558 32434.519882
224.000000 0.002531 32434.534666
225.000000 0.002564 32434.543890
226.000000 0.002550 32434.558748
227.000000 0.002545 32434.574020
228.000000 0.002541 32434.588692
229.000000 0.002545 32434.603102
230.000000 0.002559 32434.621948
231.000000 0.002539 32434.633446
232.000000 0.002550 32434.655542
233.000000 0.002555 32434.668194
234.000000 0.002554 32434.685780
235.000000 0.002542 32434.703537
236.000000 0.002550 32434.722944
237.000000 0.002540 32434.745872
238.000000 0.002541 32434.764608
239.000000 0.002543 32434.784451
240.000000 0.002561 32434.807449
241.000000 0.002545 32434.831650
242.000000 0.002536 32434.856186
243.000000 0.002536 32434.884018
244.000000 0.002552 32434.909950
245.000000 0.002547 32434.939945
246.000000 0.002540 32434.970888
247.000000 0.002547 32435.004480
248.000000 0.002535 32435.039762
249.000000 0.002547 32435.075142
250.000000 0.002543 32435.109396
251.000000 0.002541 32435.149822
252.000000 0.002571 32435.186686
253.000000 0.002578 32435.216436
254.000000 0.002560 32435.234903
255.000000 0.002541 32435.232235
256.000000 0.002551 32435.172075
257.000000 0.002539 32434.913113
258.000000 0.002569 32434.575731
259.000000 0.002541 32434.424366
260.000000 0.002538 32434.345671
261.000000 0.002524 32434.286991
262.000000 0.002541 32434.240664
263.000000 0.002531 32434.200699
264.000000 0.002539 32434.167530
265.000000 0.002525 32434.141111
266.000000 0.002540 32434.108685
267.000000 0.002546 32434.085184
268.000000 0.002547 32434.059433
269.000000 0.002549 32434.033655
270.000000 0.002557 32434.009363
271.000000 0.002562 32433.987295
272.000000 0.002553 32433.967211
273.000000 0.002540 32433.947392
274.000000 0.002552 32433.927664
275.000000 0.002556 32433.906036
276.000000 0.002550 32433.888083
277.000000 0.002533 32433.868027
278.000000 0.002553 32433.846046
279.000000 0.002545 32433.831778
280.000000 0.002534 32433.808897
281.000000 0.002526 32433.791500
282.000000 0.002536 32433.772030
283.000000 0.002528 32433.754818
284.000000 0.002527 32433.739861
285.000000 0.002532 32433.715897
286.000000 0.002540 32433.699030
287.000000 0.002544 32433.682606
288.000000 0.002539 32433.663713
289.000000 0.002536 32433.644035
290.000000 0.002536 32433.624554
291.000000 0.002532 32433.608273
292.000000 0.002540 32433.588732
293.000000 0.002545 32433.569904
294.000000 0.002553 32433.555164
295.000000 0.002531 32433.532345
296.000000 0.002534 32433.514435
297.000000 0.002532 32433.494741
298.000000 0.002527 32433.473230
299.000000 0.002537 32433.455027
300.000000 0.002547 32433.434103
301.000000 0.002552 32433.412252
302.000000 0.002542 32433.391460
303.000000 0.002562 32433.371201
304.000000 0.002539 32433.348564
305.000000 0.002543 32433.327883
306.000000 0.002559 32433.303726
307.000000 0.002542 32433.284691
308.000000 0.002554 32433.260981
309.000000 0.002547 32433.232981
310.000000 0.002544 32433.206970
311.000000 0.002547 32433.184898
312.000000 0.002555 32433.159174
313.000000 0.002556 32433.135500
314.000000 0.002552 32433.107958
315.000000 0.002549 32433.081612
316.000000 0.002544 32433.054504
317.000000 0.002551 32433.021297
318.000000 0.002566 32432.992292
319.000000 0.002548 32432.964714
320.000000 0.002535 32432.934551
321.000000 0.002544 32432.901258
322.000000 0.002551 32432.868675
323.000000 0.002560 32432.835432
324.000000 0.002550 32432.801342
325.000000 0.002542 32432.763268
326.000000 0.002549 32432.725779
327.000000 0.002560 32432.689852
328.000000 0.002545 32432.651323
329.000000 0.002550 32432.612593
330.000000 0.002562 32432.572226
331.000000 0.002580 32432.527411
332.000000 0.002559 32432.485636
333.000000 0.002533 32432.439297
334.000000 0.002559 32432.395840
335.000000 0.002570 32432.347101
336.000000 0.002560 32432.297277
337.000000 0.002551 32432.246744
338.000000 0.002553 32432.197359
339.000000 0.002555 32432.139795
340.000000 0.002542 32432.085720
341.000000 0.002536 32432.028284
342.000000 0.002554 32431.969223
343.000000 0.002531 32431.909891
344.000000 0.002540 32431.847298
345.000000 0.002545 32431.783150
346.000000 0.002552 32431.715775
347.000000 0.002546 32431.647167
348.000000 0.002534 32431.572901
349.000000 0.002558 32431.493103
350.000000 0.002552 32431.416977
351.000000 0.002556 32431.333403
352.000000 0.002564 32431.245922
353.000000 0.002562 32431.149216
354.000000 0.002547 32431.056969
355.000000 0.002539 32430.962255
356.000000 0.002565 32430.855108
357.000000 0.002563 32430.750406
358.000000 0.002550 32430.638680
359.000000 0.002552 32430.511419
360.000000 0.002550 32430.384064
361.000000 0.002564 32430.244978
362.000000 0.002563 32430.098600
363.000000 0.002537 32429.946072
364.000000 0.002558 32429.774328
365.000000 0.002534 32429.595366
366.000000 0.002523 32429.405479
367.000000 0.002507 32429.198223
368.000000 0.002515 32428.975508
369.000000 0.002514 32428.737881
370.000000 0.002533 32428.477301
371.000000 0.002519 32428.192753
372.000000 0.002552 32427.880280
373.000000 0.002543 32427.549170
374.000000 0.002542 32427.179510
375.000000 0.002517 32426.778494
376.000000 0.002538 32426.335463
377.000000 0.002525 32425.841831
378.000000 0.002501 32425.299740
379.000000 0.002496 32424.694387
380.000000 0.002489 32424.027563
381.000000 0.002475 32423.276356
382.000000 0.002436 32422.451368
383.000000 0.002501 32421.524315
384.000000 0.002499 32420.486748
385.000000 0.002539 32419.330109
386.000000 0.002590 32418.027632
387.000000 0.002594 32416.532330
388.000000 0.002581 32414.796824
389.000000 0.002666 32412.757357
390.000000 0.002693 32410.239702
391.000000 0.002664 32407.023586
392.000000 0.002770 32402.528389
