0.000000 0.002561 16415.110384
1.000000 0.002646 16419.183050
2.000000 0.002547 16423.159443
3.000000 0.002546 16425.571066
4.000000 0.002513 16427.382769
5.000000 0.002559 16428.789795
6.000000 0.002561 16429.928778
7.000000 0.002552 16430.875669
8.000000 0.002555 16431.651705
9.000000 0.002564 16432.294485
10.000000 0.002551 16432.846889
11.000000 0.002540 16433.326422
12.000000 0.002548 16433.774284
13.000000 0.002550 16434.235992
14.000000 0.002534 16434.806881
15.000000 0.002549 16435.722645
16.000000 0.002553 16435.732553
17.000000 0.002538 16435.694658
18.000000 0.002533 16435.614592
19.000000 0.002537 16435.505713
20.000000 0.002538 16435.389799
21.000000 0.002544 16435.277241
22.000000 0.002542 16435.168339
23.000000 0.002540 16435.065674
24.000000 0.002543 16434.975212
25.000000 0.002542 16434.890627
26.000000 0.002545 16434.814037
27.000000 0.002549 16434.747562
28.000000 0.002543 16434.685062
29.000000 0.002548 16434.629597
30.000000 0.002538 16434.577213
31.000000 0.002545 16434.529947
32.000000 0.002538 16434.488731
33.000000 0.002549 16434.446829
34.000000 0.002553 16434.407959
35.000000 0.002549 16434.372065
36.000000 0.002541 16434.336432
37.000000 0.002545 16434.303722
38.000000 0.002544 16434.272751
39.000000 0.002551 16434.245468
40.000000 0.002543 16434.216270
41.000000 0.002546 16434.192314
42.000000 0.002543 16434.165901
43.000000 0.002541 16434.141230
44.000000 0.002543 16434.119215
45.000000 0.002543 16434.096079
46.000000 0.002545 16434.075232
47.000000 0.002531 16434.053211
48.000000 0.002539 16434.036686
49.000000 0.002547 16434.019646
50.000000 0.002540 16433.999817
51.000000 0.002542 16433.979433
52.000000 0.002542 16433.962032
53.000000 0.002549 16433.946198
54.000000 0.002545 16433.929216
55.000000 0.002547 16433.914639
56.000000 0.002538 16433.900169
57.000000 0.002550 16433.885963
58.000000 0.002540 16433.871979
59.000000 0.002538 16433.855753
60.000000 0.002541 16433.840950
61.000000 0.002545 16433.830612
62.000000 0.002542 16433.818012
63.000000 0.002540 16433.804375
64.000000 0.002543 16433.792480
65.000000 0.002542 16433.780600
66.000000 0.002548 16433.771048
67.000000 0.002549 16433.761314
68.000000 0.002541 16433.749540
69.000000 0.002542 16433.736872
70.000000 0.002541 16433.726913
71.000000 0.002537 16433.714712
72.000000 0.002545 16433.707739
73.000000 0.002548 16433.697012
74.000000 0.002547 16433.688898
75.000000 0.002541 16433.678555
76.000000 0.002547 16433.667889
77.000000 0.002543 16433.658604
78.000000 0.002539 16433.650339
79.000000 0.002546 16433.642124
80.000000 0.002544 16433.631767
81.000000 0.002540 16433.625809
82.000000 0.002546 16433.617353
83.000000 0.002541 16433.610291
84.000000 0.002541 16433.601267
85.000000 0.002537 16433.593819
86.000000 0.002543 16433.587084
87.000000 0.002543 16433.580116
88.000000 0.002544 16433.569859
89.000000 0.002541 16433.565680
90.000000 0.002540 16433.558317
91.000000 0.002543 16433.549501
92.000000 0.002548 16433.543114
93.000000 0.002547 16433.539322
94.000000 0.002540 16433.529600
95.000000 0.002550 16433.524035
96.000000 0.002543 16433.516771
97.000000 0.002548 16433.514124
98.000000 0.002533 16433.505407
99.000000 0.002547 16433.500799
100.000000 0.002547 16433.497801
101.000000 0.002548 16433.489552
102.000000 0.002544 16433.483927
103.000000 0.002540 16433.476431
104.000000 0.002541 16433.473801
105.000000 0.002550 16433.467745
106.000000 0.002545 16433.462950
107.000000 0.002549 16433.459393
108.000000 0.002546 16433.452860
109.000000 0.002542 16433.451410
110.000000 0.002545 16433.444824
111.000000 0.002539 16433.437050
112.000000 0.002546 16433.433495
113.000000 0.002542 16433.430164
114.000000 0.002539 16433.424700
115.000000 0.002537 16433.419701
116.000000 0.002539 16433.417007
117.000000 0.002548 16433.412500
118.000000 0.002542 16433.412045
119.000000 0.002545 16433.404278
120.000000 0.002549 16433.401054
121.000000 0.002538 16433.395472
122.000000 0.002541 16433.393044
123.000000 0.002543 16433.389528
124.000000 0.002548 16433.387840
125.000000 0.002544 16433.380926
126.000000 0.002548 16433.379572
127.000000 0.002539 16433.374870
128.000000 0.002546 16433.370907
129.000000 0.002548 16433.368593
130.000000 0.002544 16433.362318
131.000000 0.002548 16433.362011
132.000000 0.002546 16433.358799
133.000000 0.002548 16433.356325
134.000000 0.002544 16433.352055
135.000000 0.002544 16433.349775
136.000000 0.002546 16433.346466
137.000000 0.002545 16433.342865
138.000000 0.002546 16433.342327
139.000000 0.002541 16433.338215
140.000000 0.002545 16433.338255
141.000000 0.002545 16433.332121
142.000000 0.002540 16433.330921
143.000000 0.002546 16433.326437
144.000000 0.002543 16433.324095
145.000000 0.002543 16433.322874
146.000000 0.002546 16433.319691
147.000000 0.002549 16433.317430
148.000000 0.002542 16433.317713
149.000000 0.002550 16433.312914
150.000000 0.002543 16433.310427
151.000000 0.002543 16433.308363
152.000000 0.002557 16433.307032
153.000000 0.002547 16433.306219
154.000000 0.002543 16433.302359
155.000000 0.002542 16433.302164
156.000000 0.002538 16433.298500
157.000000 0.002543 16433.298769
158.000000 0.002550 16433.297270
159.000000 0.002546 16433.293928
160.000000 0.002548 16433.292841
161.000000 0.002551 16433.289865
162.000000 0.002545 16433.290159
163.000000 0.002541 16433.286737
164.000000 0.002546 16433.285841
165.000000 0.002544 16433.285931
166.000000 0.002549 16433.285267
167.000000 0.002547 16433.283882
168.000000 0.002546 16433.279341
169.000000 0.002553 16433.281563
170.000000 0.002552 16433.278290
171.000000 0.002551 16433.278521
172.000000 0.002553 16433.276314
173.000000 0.002544 16433.275812
174.000000 0.002542 16433.274494
175.000000 0.002544 16433.275522
176.000000 0.002552 16433.272238
177.000000 0.002542 16433.274405
178.000000 0.002554 16433.272243
179.000000 0.002539 16433.270531
180.000000 0.002556 16433.271523
181.000000 0.002538 16433.268456
182.000000 0.002548 16433.266466
183.000000 0.002547 16433.267923
184.000000 0.002548 16433.267227
185.000000 0.002552 16433.268442
186.000000 0.002543 16433.267591
187.000000 0.002542 16433.266750
188.000000 0.002540 16433.263363
189.000000 0.002546 16433.265900
190.000000 0.002545 16433.264275
191.000000 0.002544 16433.267485
192.000000 0.002548 16433.265057
193.000000 0.002546 16433.264761
194.000000 0.002555 16433.261715
195.000000 0.002547 16433.265961
196.000000 0.002546 16433.262106
197.000000 0.002549 16433.264181
198.000000 0.002544 16433.265471
199.000000 0.002550 16433.262964
200.000000 0.002550 16433.265984
201.000000 0.002546 16433.265230
202.000000 0.002542 16433.265924
203.000000 0.002535 16433.263926
204.000000 0.002540 16433.266285
205.000000 0.002549 16433.263756
206.000000 0.002549 16433.267723
207.000000 0.002546 16433.268076
208.000000 0.002545 16433.267208
209.000000 0.002548 16433.268608
210.000000 0.002552 16433.268831
211.000000 0.002543 16433.268843
212.000000 0.002546 16433.269196
213.000000 0.002548 16433.271170
214.000000 0.002547 16433.270300
215.000000 0.002548 16433.271587
216.000000 0.002549 16433.274183
217.000000 0.002550 16433.274422
218.000000 0.002537 16433.274008
219.000000 0.002550 16433.277567
220.000000 0.002547 16433.277029
221.000000 0.002546 16433.277506
222.000000 0.002545 16433.277866
223.000000 0.002554 16433.280846
224.000000 0.002549 16433.281734
225.000000 0.002539 16433.283810
226.000000 0.002551 16433.283010
227.000000 0.002539 16433.283438
228.000000 0.002545 16433.287930
229.000000 0.002545 16433.287756
230.000000 0.002543 16433.289610
231.000000 0.002547 16433.292444
232.000000 0.002547 16433.291754
233.000000 0.002544 16433.293297
234.000000 0.002547 16433.295008
235.000000 0.002544 16433.297726
236.000000 0.002548 16433.298843
237.000000 0.002539 16433.299324
238.000000 0.002543 16433.301401
239.000000 0.002550 16433.304640
240.000000 0.002545 16433.305166
241.000000 0.002547 16433.309044
242.000000 0.002543 16433.310347
243.000000 0.002544 16433.312218
244.000000 0.002544 16433.314236
245.000000 0.002545 16433.315279
246.000000 0.002549 16433.320412
247.000000 0.002549 16433.322563
248.000000 0.002550 16433.324423
249.000000 0.002546 16433.327908
250.000000 0.002541 16433.328808
251.000000 0.002551 16433.329964
252.000000 0.002530 16433.333984
253.000000 0.002546 16433.339996
254.000000 0.002549 16433.338621
255.000000 0.002542 16433.343021
256.000000 0.002544 16433.344580
257.000000 0.002542 16433.347948
258.000000 0.002544 16433.351341
259.000000 0.002549 16433.354361
260.000000 0.002543 16433.354828
261.000000 0.002548 16433.363092
262.000000 0.002541 16433.366211
263.000000 0.002535 16433.369396
264.000000 0.002548 16433.372093
265.000000 0.002543 16433.375048
266.000000 0.002544 16433.379276
267.000000 0.002546 16433.380383
268.000000 0.002543 16433.384798
269.000000 0.002541 16433.388470
270.000000 0.002547 16433.391838
271.000000 0.002534 16433.396156
272.000000 0.002550 16433.399584
273.000000 0.002543 16433.404785
274.000000 0.002536 16433.411516
275.000000 0.002544 16433.412333
276.000000 0.002549 16433.416485
277.000000 0.002543 16433.419899
278.000000 0.002544 16433.424431
279.000000 0.002541 16433.429873
280.000000 0.002542 16433.436819
281.000000 0.002543 16433.440655
282.000000 0.002551 16433.443052
283.000000 0.002541 16433.447506
284.000000 0.002543 16433.452843
285.000000 0.002539 16433.455854
286.000000 0.002548 16433.463520
287.000000 0.002547 16433.468767
288.000000 0.002543 16433.474894
289.000000 0.002552 16433.479002
290.000000 0.002548 16433.485178
291.000000 0.002537 16433.489353
292.000000 0.002541 16433.495619
293.000000 0.002545 16433.501814
294.000000 0.002544 16433.506737
295.000000 0.002543 16433.513634
296.000000 0.002540 16433.518263
297.000000 0.002542 16433.526123
298.000000 0.002548 16433.531271
299.000000 0.002540 16433.537468
300.000000 0.002549 16433.544168
301.000000 0.002546 16433.551100
302.000000 0.002545 16433.555613
303.000000 0.002541 16433.565262
304.000000 0.002541 16433.572546
305.000000 0.002535 16433.578960
306.000000 0.002549 16433.585554
307.000000 0.002550 16433.593561
308.000000 0.002553 16433.600763
309.000000 0.002554 16433.609728
310.000000 0.002554 16433.617823
311.000000 0.002552 16433.624655
312.000000 0.002537 16433.634253
313.000000 0.002548 16433.640749
314.000000 0.002548 16433.650549
315.000000 0.002539 16433.658886
316.000000 0.002550 16433.666746
317.000000 0.002547 16433.677658
318.000000 0.002548 16433.687498
319.000000 0.002552 16433.697439
320.000000 0.002545 16433.707397
321.000000 0.002547 16433.715281
322.000000 0.002547 16433.725189
323.000000 0.002544 16433.739510
324.000000 0.002538 16433.749634
325.000000 0.002547 16433.760017
326.000000 0.002550 16433.772175
327.000000 0.002547 16433.783010
328.000000 0.002553 16433.793215
329.000000 0.002547 16433.804432
330.000000 0.002544 16433.817783
331.000000 0.002538 16433.831385
332.000000 0.002549 16433.844740
333.000000 0.002547 16433.860081
334.000000 0.002549 16433.869499
335.000000 0.002545 16433.887726
336.000000 0.002542 16433.901588
337.000000 0.002546 16433.915430
338.000000 0.002550 16433.932640
339.000000 0.002542 16433.948206
340.000000 0.002543 16433.963100
341.000000 0.002533 16433.981857
342.000000 0.002542 16433.998735
343.000000 0.002552 16434.015871
344.000000 0.002550 16434.037016
345.000000 0.002545 16434.053730
346.000000 0.002547 16434.076633
347.000000 0.002544 16434.096287
348.000000 0.002543 16434.118050
349.000000 0.002543 16434.143074
350.000000 0.002557 16434.164209
351.000000 0.002556 16434.190815
352.000000 0.002544 16434.215645
353.000000 0.002552 16434.243484
354.000000 0.002549 16434.274790
355.000000 0.002547 16434.301508
356.000000 0.002546 16434.336927
357.000000 0.002551 16434.369400
358.000000 0.002535 16434.403215
359.000000 0.002540 16434.442110
360.000000 0.002543 16434.483892
361.000000 0.002545 16434.527882
362.000000 0.002551 16434.573826
363.000000 0.002549 16434.625895
364.000000 0.002543 16434.680174
365.000000 0.002547 16434.742401
366.000000 0.002547 16434.812538
367.000000 0.002545 16434.887613
368.000000 0.002544 16434.973848
369.000000 0.002535 16435.066637
370.000000 0.002538 16435.167030
371.000000 0.002529 16435.276949
372.000000 0.002535 16435.392405
373.000000 0.002532 16435.505980
374.000000 0.002534 16435.613621
375.000000 0.002532 16435.692354
376.000000 0.002531 16435.732487
377.000000 0.002539 16435.730152
378.000000 0.002531 16434.807196
379.000000 0.002547 16434.237301
380.000000 0.002543 16433.769808
381.000000 0.002543 16433.326536
382.000000 0.002543 16432.848124
383.000000 0.002537 16432.291248
384.000000 0.002544 16431.639774
385.000000 0.002547 16430.871111
386.000000 0.002565 16429.933399
387.000000 0.002554 16428.796715
388.000000 0.002512 16427.377851
389.000000 0.002494 16425.561125
390.000000 0.002605 16423.172272
391.000000 0.002628 16419.160845
392.000000 0.002298 16415.075718
